12.011541853964383	71.40744971386016	67.01963491482088
54.15966133803437	126.26693151137574	36.56875563942094
31.47022448057989	111.83283489842303	101.24801374628454
21.093634753942535	62.6174967543554	81.22722015949101
49.61690155163073	138.58518082081443	61.32612420577327
15.535577000542693	70.58484496923282	80.27204090271896
56.924842276233555	123.01505134681706	74.68849857556053
39.27512857417559	59.122205256193745	104.86823919921892
40.932745402896906	86.27522588881173	56.409732787519815
13.929907961849533	48.697252418578564	112.28032250785097
23.549643517793076	69.03533706301376	102.66721999684434
34.38779931608152	103.77305581260391	52.20587065606937
18.837070374903707	73.95957015257396	157.53536615020954
5.167525681656847	183.62567245125211	79.48639850810092
70.65120443661581	62.758237100904196	94.632165723759
28.411596702960143	86.46405900433875	70.50108266899323
31.634403754463385	120.88481075063189	25.887776245307464
67.80101975226948	25.875008971182236	70.33233307684912
113.62694759264004	107.31167592631172	95.5862565653334
13.050304704866027	99.0278851468585	51.273069443786184
29.384958075762782	81.93881846717652	133.14316345924743
58.32757503082843	58.067353212619174	41.91230636720372
100.54191462223481	66.77393899658703	81.78306678980628
94.13363618593449	109.48748728549468	100.43920149241421
56.16748091973367	97.52220618757782	76.81479829950258
20.774992922885257	101.21342751937178	85.11897003579615
40.0607761876098	133.47907422582588	79.43743492339667
19.680896073288245	82.26834925241472	53.48799197641834
7.290773665786735	38.99908135006941	47.29164328858474
41.37405727334933	109.35503625638489	136.51263525595667
27.353326680962056	162.79665189390465	73.60526386079736
33.40187900396226	129.55450979086783	48.65635033616391
57.91178786898223	138.50905119694468	79.32492774896787
25.61756180381789	50.05266637590419	60.53889804551818
13.880254113445545	33.05451563536836	78.05656169647582
110.1948429619877	101.23980561796627	76.7191231155504
17.656346359819224	113.32509267465416	115.04954160007321
17.301209457197576	119.41448098873023	191.2303810886405
62.84056765807547	73.78790618065327	33.154511461165136
13.993532911282573	97.42598030735643	50.992755659044555
56.14965736140179	37.22502648679485	52.79212810972143
37.81406275860377	101.78013305618941	111.04112088405022
24.747441117551432	120.63309591538442	110.75863867349494
54.33026137842186	98.53718515469927	58.52535216352632
32.890062553697256	147.90450197541224	47.0341775065346
73.15244016828144	89.93289926257275	97.82046141324084
66.15774415449079	83.62150062435026	104.14460890635189
27.67155299415885	157.6175546391166	38.478097533029604
24.489632999560538	61.9097881010002	70.06657609172544
29.540176570284775	85.33257885084343	118.29965137917294
49.09364362322427	70.23217560072831	135.3391742639985
29.29175885336361	23.179673565174465	67.32391018525975
27.053684870012752	40.28350906715202	91.93280578094294
3.743113275048301	60.275058249741605	73.16154967303426
50.507758229359176	51.89854112640934	81.04455374798661
45.233291345571644	104.01067676651658	38.976583537447894
43.952409145135405	117.1589079653663	45.907032397532845
16.227246085017633	67.56605314284342	83.48986271309899
18.140949842147755	89.13835844503015	77.31365536917403
56.53216843671606	101.29843741926331	59.014684628958285
57.17105440912685	85.63836101025247	133.27570185755033
35.94318909292434	119.22893359045187	51.81221040688448
21.58455466181525	66.21230344827352	55.303000028604444
25.326086420265035	112.91135592355536	82.75141303672483
30.206213508107837	108.85732436135356	76.75617951623627
17.793674593841974	99.33508431383838	40.009474317435384
25.203205386578148	80.3950569600495	128.66173785534258
21.996803498344452	97.83037733297445	91.46877449087751
21.239235047659093	94.65275296259041	30.501234750536657
37.19393923758301	41.378339169915236	110.71789991641248
30.560798729011022	74.23697588812851	89.44919361841718
19.29154266715891	59.606417568141836	61.8558620916763
11.694390981592441	88.87685028595031	31.539094734537773
8.851572098872152	167.79015190130238	51.56099087290515
15.847358095435746	55.2315073616591	28.453970772144686
33.72661202456485	57.39768126049977	39.778992425961604
37.932835463541316	46.67037160050092	71.15252166411848
72.86986217135608	96.77307849766093	40.32328389613792
25.559189268032227	122.41203964244741	40.44879877856681
33.733399413583484	63.82675135406454	47.23459023922771
40.33565167091103	124.44803100369157	81.23107934046108
31.561608177110536	55.52053768763891	35.25679826036769
14.299970033718473	81.42362210440378	36.71916216692418
47.79713710800589	77.4995653822399	70.64237471303323
50.27363475931272	45.859966332791785	26.934714056383783
55.819089895895324	134.48869738077306	57.653530045769735
28.896245946749286	93.2662136301078	94.92622001498727
40.756303527711985	65.6492242917715	126.13242907247495
14.394349620216262	122.08500530702334	85.3834383554857
16.09019995907749	89.00941702635802	63.70279098811492
39.38683868276545	104.18463241483038	140.16446120073152
24.214870450545547	155.02050748300744	72.71437389475128
25.64416454109786	60.67829551598766	82.54977067521544
67.78733630940698	88.91403709949891	58.3329974417705
33.37939619358171	134.08039339179575	102.74742039430151
30.37452758262354	59.63030882355797	86.668722904771
51.41720008997922	73.15003537719062	77.01370340940746
23.402699399968853	84.51021309881595	116.1884202833354
34.13572490747244	86.70740078105939	85.93759328930376
93.85800612431939	102.7881487564486	71.5553262955886
8.211406556568516	57.75600119480568	81.55221811160543
47.33723035256523	88.65184525301302	77.70491143889448
4.22726866228069	69.66505678897285	73.55379234534152
35.406557792462465	100.7006863266558	101.22629818633409
64.930888388674	71.75560890543879	47.12394433050077
63.39931401211768	158.30032681576085	98.90460451546217
27.72072816654728	113.67287129686748	76.71524072335272
29.713695380389503	82.91728441904638	32.211491715114555
71.12371609128218	99.21676845453855	43.67207707817361
36.90611217393875	181.5039731286748	55.182719966695736
39.744666734923726	106.76739320834179	63.37506046676185
52.02496529193064	61.565332612504406	89.01555238955767
50.75435358881929	94.27780518897005	92.1495161641023
37.9974914962957	122.47320662528885	67.35100552569948
65.77342965056361	82.3545412181697	46.43697702920047
39.44604701090089	94.2819286365854	40.80088044808614
44.01108944895493	66.4204049071195	86.75225186394823
70.95669117302393	76.32739184910358	45.612991100542345
22.882153114981428	104.18529781963291	78.61367450577545
53.83998231552325	101.7099339512709	84.82813308986294
32.87670576029085	121.01472840893203	58.658901732987
32.51164337712321	46.56611830249573	90.75203667928302
105.77184307516258	42.42711501561801	52.89996417536506
46.19526585359922	45.36256455789529	58.75636067820162
38.16932365944913	105.49830227836493	129.51622895820887
61.53956479611817	77.15613527516172	85.43194903892658
20.668005006249647	99.51025609682492	103.65743239157264
20.62102913156731	124.36077850947744	78.76400438601388
53.433517414694386	174.89906806456506	103.03996987201532
17.65959214450339	81.92205392488805	76.87328608425497
130.86377875005522	34.82272558316836	170.8780421550292
85.09952007589962	62.33987813113873	97.78244873534702
18.784404260178235	76.56620234678847	47.72126686996072
55.148447346090535	103.60051632378541	99.94675665398765
51.69248964292424	123.7420404059679	84.40611263273188
29.415239700251597	28.424501968632708	113.73337786694928
28.360750900795463	154.0346992653136	77.79488462236777
65.48678145541135	90.13343074327675	80.42630447003468
35.67854593015365	56.291804136385245	97.85830765642858
74.27447962472705	87.52332281051285	82.21532664217152
32.81398479399046	52.634351340222665	76.67662147669556
60.62041597924108	117.48758519809164	69.56079019483012
33.91924260590202	65.6369295232866	72.66202376311483
70.79018351775119	96.36318773129902	120.40985389986056
51.7180949730938	129.9562553984051	34.69908669962547
50.28501176182322	61.37080485723069	85.36029765646465
18.349841531171016	138.88829870096365	89.87587861839665
20.0815638220605	101.90246101215077	67.72779729464729
101.09058871075314	96.4626813281906	66.21624068008393
30.691023809387964	151.8290860048539	83.99871250988845
12.982296036341717	178.05499091749624	38.18969509623479
83.21002317596711	92.79394717607003	56.27390901417945
78.48682538303945	35.09896508818728	123.7279180959393
54.54074094623118	68.9110253015594	27.99998988851906
70.34797394899007	42.96829175343655	62.12711296019782
33.86045106361647	70.29885674959725	58.385309406337164
18.0755003263164	101.50129052592924	49.40089967323389
39.19820188368553	95.13521461102059	86.25233332038859
22.92440315410255	59.850491545221296	52.19098178604148
23.546915085980444	57.62788650437184	81.88277137862082
38.30099197349293	90.21648289503621	51.62126089911181
49.00045553880596	106.8683063735335	103.48348228132865
23.030650389066537	31.417515582342258	77.93218814665622
68.18440610008605	112.05796205485909	69.7360904798154
16.8385119848916	53.76091297955872	147.55939711241814
67.03627493354136	125.0355642858421	67.36044981111272
48.52173813187329	162.3971835568196	34.144865200907766
51.491928031436025	125.35416527264351	69.17297288713088
24.023063591148727	208.6557347550095	64.715815230518
50.49272653294708	99.87040719135642	40.265309026413085
25.40449268246353	50.68426786015509	81.60966285461325
43.23739800180033	102.56742766900871	55.439441460910494
15.637557544131528	143.4750030243616	72.47862543469927
21.683380702828142	88.22770515658935	118.61849426548083
22.744259099439002	85.4147828543826	32.77898710591342
34.11673965850133	86.44558862387474	70.79958595550286
56.31943604597629	79.26003605636973	49.11077862426254
26.783685550385943	73.5281153369145	26.02565050888137
52.89571160520077	200.9558936010437	84.86840521173154
28.36803683445519	68.96836930945557	52.32128098691763
59.44238426376598	124.09264575363234	84.48578099970273
21.39492209816167	140.57829480674843	50.514099039352466
39.437533529110816	60.21428684651005	48.80037424365428
70.31589225549753	80.59995958351686	57.342859885276845
52.02337461967068	76.75721669532545	62.86577499985965
65.27011384020709	72.85038295121295	97.19822947193954
11.377268447396974	111.9623187754188	43.22223865268274
52.21145175848124	139.0250867550437	76.18110213684282
10.717048120613375	111.22074428394424	83.61766229460822
62.423751541943105	104.15829609924316	52.709652777286756
58.71599142813094	83.30606061526493	102.77770205254494
36.02436476123267	55.07233959160341	80.22724741820922
25.570954125771504	93.94193208431717	178.49098116746805
48.52824265473864	88.31109146552551	30.144913400890996
36.7565736006353	68.18474095411904	59.21900535490588
45.483872828752766	51.870641243734184	30.97471907753199
26.171014166130796	52.13235889015529	50.41280017101159
16.23358875914735	180.11674179267138	48.1909517869409
16.2924499759759	67.86196975727242	75.2375337386871
67.90813337186789	130.05083924436698	36.88451282937451
40.489018834197466	88.29632159891715	46.98841448258086
63.91986329636724	71.98294596349882	143.44554247808287
18.035373186513116	46.93577500385958	171.87395884058932
20.305497921503772	94.31311766770152	41.26074061578953
9.564768498082403	103.532628781603	105.01986268920037
46.729892130725396	100.74803441611434	129.76471761019053
14.543165153551188	110.5595935676306	78.27218988565527
45.086123653085906	88.3957101625257	30.912167792876343
36.86921462393555	133.1547839480562	71.64251342173492
48.48678800623101	151.64247971978338	70.55760501816107
6.440350474134131	71.54985307257766	38.68959652524465
14.686970287298337	86.51217155844418	68.56482629759547
84.76448118631119	165.36059544596984	57.60265873508003
31.81348053407883	84.67881913249452	82.73277328081892
41.353244744589645	48.60598882892347	81.46589303541363
23.28096263234177	136.7527724963908	51.37637004792382
105.99419694845983	113.92319108388129	47.45676363365892
38.869079703497455	114.0186223221388	77.70177963816118
73.01839712621678	136.58561516919266	73.44875650218039
64.29663795584928	58.43699580230683	89.12682105117257
35.2558057982547	60.13661589571551	73.20245365225358
46.25321183285838	33.727931434701354	169.35167991873172
7.966991461220405	174.3530986350548	58.42008858492295
45.88306293180147	105.01639886346737	86.9404811708436
41.608141311136556	74.36273183560813	45.73534398676264
23.44278736471622	166.5142130500419	93.36836700670105
24.68174278982044	149.71789889659473	26.69861508540407
69.09497843011297	145.07059109361032	111.51841449474443
27.725941328618948	98.12822998183107	26.669253489982935
53.35167996278557	126.99654272676177	41.9716835842968
10.449027099731632	134.48389765550863	109.8343644529167
20.80067692893491	59.86993046845271	100.00832468313983
49.03453700078252	66.56477413445167	49.49599291398411
19.38871954040605	60.35552471515819	54.78558184288438
23.27444002978432	103.56289037726832	86.3757182001064
28.526191072130914	51.23269149627861	90.54320776153536
31.75928255548095	64.12910772045858	59.36005313556056
20.629441266487117	127.8916081482296	77.3121577085255
22.974480923074083	197.88218542268623	69.54581785991546
63.238577692877456	75.17634871323017	94.65230200885965
71.0842933442704	68.02676093486588	133.17433130465557
15.548243362289295	40.990816919773614	79.77872882918336
19.973828401731787	141.60360182556778	98.21397572158838
69.14182872582487	41.46198934628089	56.36629950671024
72.71166256043378	96.71701238975497	28.225418542117385
45.00844818016167	108.13765235741229	97.97240887356239
30.175317931064093	103.29285054096859	106.87271401268627
30.647472466729255	133.21324963852848	154.17084289807778
149.058118299875	55.32749552748224	83.06520046586547
62.352956947235526	82.81443861703956	121.49462841964676
112.1085748157951	140.81671980694705	87.37077196387986
14.039603761977748	83.04733882435798	43.756053383885224
17.320979707570178	67.60592867148064	48.739076853479446
17.52286577181421	141.91006637082836	56.55836999389258
19.07285745349062	86.4628883064774	173.30425388030588
76.44335322133516	106.20768096070402	47.994946599521164
28.377799972966994	89.030370947369	52.08977720680253
59.57870382597175	70.0322344573386	83.12251927015127
15.841722468541114	108.55437889107456	96.83992048375441
44.77746345696312	39.66618883930927	35.58463451797208
27.98548915136348	74.50319328783515	134.1066685284612
48.93238746591513	100.47826081444823	108.61768093120983
36.22396228412104	51.16481141510415	88.48913439989198
41.61028465152346	87.20543049588264	30.73903984559743
34.25729193681063	148.83540486894657	77.12398186530771
10.575840148364398	76.1625696696733	33.83324042952198
49.8554264349655	32.52240115360549	70.77133419658877
5.326813254069135	89.12562555680633	102.70262757832992
11.937525329153306	51.317490185944315	60.84414202626686
62.317875986379455	90.82906630825197	87.20612027167103
34.67395524100682	70.87379365371461	50.785212938351606
52.27190225238793	83.35859867289464	64.17621423561806
31.355634984609754	54.74368707004567	152.05570546125338
66.58740160558612	99.91219255197323	106.84866068954018
22.558490949073615	70.79437377851342	75.32462340422965
44.8844726745541	82.37311883978941	81.99511803465604
16.303840122390525	52.7878821638538	65.59356123401027
32.119589059955814	128.6086912602093	112.49238384587441
20.58675385255125	86.20789091656596	51.79683783035512
66.83824571349183	112.84456924965268	99.91794747778
10.088440525660438	64.36296983699172	70.24830040307602
31.00117898090288	88.52115442920041	37.52687124906822
29.89575014015298	51.287804666403595	39.30007678592026
36.36076545221677	85.82051266877936	37.99739266591643
34.420812878832415	69.21945970478612	103.60421933673031
95.86608388252692	86.41232750640863	78.90896663883693
60.95288226809487	132.72726597355728	50.953656040876666
92.37496525868332	100.43631666881528	40.17553480040873
22.348838081394998	98.84489734758644	102.25382028465572
41.642476253068715	86.12309720931792	54.96093975963779
32.9558632496708	43.425421610233215	73.95582208423231
41.065517737123706	75.29838726659221	114.31291394723597
27.846082144425946	87.681168856974	59.397641491581446
61.23572297571252	70.58726339982344	132.59947414473686
32.27061970987431	113.75155021080532	103.56963936765953
38.87282048159846	92.37551372024913	73.49394756053944
43.27194252595414	163.37789236202508	43.80433329108231
51.34993600989223	57.61886343077788	138.51273839492333
38.29840314853779	119.6007184201186	52.94295387376494
24.580766848425746	95.51693040406082	64.2028837869273
19.68811337239791	69.34487864675594	83.92757248840365
52.825943508677945	75.38092033147662	86.27714134691202
8.934463902457514	145.39098812269006	106.87795434408494
23.73282344641329	98.30523613795442	75.84291595819064
43.71610815868955	101.88059345460343	63.43422976217365
37.98209648205092	53.26381871483172	81.33559352824837
31.25136862787987	207.68883784661406	77.62089249924225
32.33349838717267	80.20210251370469	43.97846909699935
26.71314681755001	70.54700466867675	32.70456490960928
31.951022076615086	41.03598026267453	36.81143740989179
47.02326989890024	144.32670555829137	47.75234667186953
30.58720378285558	81.73399210581536	47.43407178803258
18.455776404320154	89.11162188602096	94.25987388752488
35.70182462492434	143.66609418338496	72.05357787231408
38.504229166185866	106.40911387436593	96.96053446145682
26.677271513469442	94.11420256291908	82.38828786162144
69.23799414236912	99.35859153833862	39.0511972573082
36.64291336165432	124.58686898114124	85.59634464923937
30.51359199629909	129.8395641348015	102.67269014634105
106.5504247702673	66.44673703330574	77.6574720529861
30.14645733948113	82.1087567202673	49.121890892778055
5.142981075755746	56.850785756981466	148.92273874139627
24.80721880804894	78.02909295304968	33.81304198439217
41.685661030269195	70.04048634599789	171.92881071603662
124.99088419747763	91.66153148521549	59.13377049971882
10.49634848994804	127.98673013730755	82.72442401462662
49.60844513904353	61.05177446349898	51.22646606400459
31.673332047761964	61.09099755305405	112.50108161180107
49.73508281815479	100.65786204792533	78.0585659760824
13.295824274506156	97.94225309385146	59.78434662905738
18.174078765949712	55.30502257232214	101.72740228785793
10.06220329106273	98.28559375658746	133.48941827296807
37.72377373530708	90.36231247457837	107.8044383505459
70.91248087950537	56.842012199249645	79.7894583586367
49.54190777627422	75.2168050499758	143.21102610925684
81.62296817105158	67.51107631641612	51.30784401307153
18.26701438917813	84.16895950785387	64.09736453162421
29.386078258519678	139.6666352936782	71.78421727113398
28.26890730971563	82.54559785674343	128.6351250129623
39.88373426241672	136.71912736199658	42.84980436798395
15.171771418427852	54.77994770279397	53.248101310326916
36.33754039520061	82.35152249054926	53.11603166339794
19.599953996377693	85.52762407877326	81.21709430748689
42.41440139096989	131.8490866283567	129.97808246996192
20.36058024563673	93.9293810201036	100.65823891397723
37.93229378533688	120.76842599908721	151.43413699427984
51.01442569773225	103.75978505197786	63.763416597232016
6.7059299938767145	144.37294572432776	86.53534650616035
43.035163560394295	112.5010220328144	128.0652696996692
29.025639508287167	86.71897439926553	93.86942937985762
55.02815571773546	78.11868580013824	80.98820680804727
31.554790893889276	120.4080894083316	27.916813166599685
11.941015454982452	76.71011459164764	122.6587737720429
35.39599194782067	88.98851554736213	66.31343883307947
44.157614180093056	115.71430109871255	44.39111712018376
35.95098345406663	72.4361836774264	50.99781252688559
27.352481981266735	68.32769051966072	84.0103639603951
56.82541396348486	26.893476747398566	60.94033071882963
57.4520436331651	80.01969491991676	67.32754005449897
22.35069429663554	113.56785090176288	40.890793286526254
13.011908779406932	97.08479139234208	46.85669784219527
60.11084260785576	85.2893058750009	90.36541584803277
20.52858525334606	91.47321431817497	117.58686656481848
24.806992926603446	71.8505307010318	70.30359303836138
73.64411976627696	79.43374672265966	73.00389254669382
47.67898470412512	125.35860016404114	56.83507807693077
42.965487615195244	75.15743328157458	71.31292213370476
94.20527203460156	115.59992219606475	79.02325371032016
30.779565160040974	45.77253975964462	77.82631013321644
36.36535951057822	80.36930032965397	123.99464473948952
20.192283107475628	87.52502534349424	106.19717594141244
25.32906355190646	83.33372311955048	49.05178202785392
37.03023367533175	87.14434997559202	106.66285246501299
13.742716179676124	79.8913101966863	83.89286045707613
21.018082446289462	126.46869594031133	65.77845219640466
43.76390914304461	84.17495486893021	66.5149775352725
31.997442232748313	105.22699128892795	56.39235280351927
42.563273071859	88.0354300711877	96.51553792799217
43.90083586196082	107.17570326712739	99.5938220786868
46.387236464425555	157.63478665330751	57.3043225067242
41.44645955112112	61.07113669451382	66.03938635884867
44.669595932797336	54.16388740582626	107.37640721795792
35.66517880800118	81.83805692061534	56.23459198909663
31.554496406486628	128.85167549564113	44.91141403294565
43.964744108117806	146.7816617067174	50.40383121320768
69.29690595512001	49.1428261937476	56.95908570458591
9.882170815331774	62.97827014182934	49.79787208225238
23.119594297432744	66.98976622387379	49.30538537719749
15.309346972442132	105.92511506016808	81.93978179629278
48.91023137210295	77.084191137605	70.67056112990281
63.58979036960307	90.43801153225975	100.25843578009534
27.439427185313917	100.88137532138984	93.30610049316468
76.92933764652491	77.63145367228711	132.05483108494687
22.72641144153518	38.129677282521094	57.78750375867614
52.729865762375375	120.57386005172046	108.35631070759872
57.5595882903526	128.27772278391075	37.89085692320959
61.140455303807514	62.41366802570153	61.65713296561569
53.21024386112079	136.51078252355546	61.36210451298187
41.51378949861854	52.77209461632722	80.39329913360993
46.48134943357608	59.21826466750863	36.33922596166303
9.47567740938448	102.66100438233377	126.13733584678815
48.106705914453755	84.83589668528315	72.13569870271839
51.00355797524898	89.36340590571562	52.51163916796974
31.01094539198054	83.42465931044205	104.12173126362872
89.36479282540704	77.49385364631543	90.24159925669632
48.01653129310234	74.10679577519706	120.0868779340047
29.950152888254763	96.29204950550047	59.69224105928371
25.760856295377778	113.53450432266204	83.79112103666573
8.199878609010616	94.63454207304116	61.479882708902934
9.82506159083064	86.25282427686125	98.48379115954796
16.671819571124114	50.09410502470347	86.32043351132401
15.649032375977598	82.67762867461373	72.56015518340772
46.2045625189677	99.1857749686961	47.255201589901205
120.18195479954858	62.392999863131934	98.64306531262199
47.22304735369321	162.78555628592497	67.41171940598016
52.90695677182035	59.41826867291406	76.1695430280501
14.226890734672887	75.6755166170008	79.37038283456025
26.51779612694601	63.81340403899127	114.62063154894483
47.00360574621214	55.99271700325448	66.02519940978547
61.144659304850045	40.811556857408995	49.87957874774449
38.60614425123079	87.33807108982043	76.89528674474204
48.31025526643613	77.45547129882283	128.2556327331052
32.67632651022469	132.2654306692758	155.07316194196449
25.309500861371365	141.76495078180258	95.01924090809547
12.86438518158276	109.01129157033066	100.74924137364961
27.908928110702103	102.05522404583971	96.42294474242364
10.215645173967205	149.29398574351802	67.9604685761041
97.90274682770881	66.00727037179637	81.36128557408065
43.07591696615649	99.05793127754501	104.72081840559488
27.67702820793206	114.85990782906889	66.03280641521297
48.68338637686457	68.5738143177919	117.69926917117385
49.08260222251506	101.86537472443611	99.07129431352975
57.150577701506265	124.62991716662012	105.99579640087713
73.02654291062898	75.54655400043966	93.16189726098392
46.01166764885465	69.63000391903526	98.9953296427402
28.15713700101591	129.57266894566558	87.2731022588279
68.61272215304882	78.82862611997535	48.4226910899104
8.950428501136631	107.85316406041294	117.95267925381059
16.131415188985482	166.23090807720786	101.14373800053491
51.807085977082636	84.81286986549917	60.999950479420534
11.267801413412558	116.28724202564858	76.13571711255197
32.0502826083269	74.65588316183623	84.49540141696694
29.135654803974433	92.44429213313293	129.10457356417754
29.47501636190649	102.30962944327955	52.68012475917796
7.785066007393042	119.45979013615202	131.79563772981749
27.46841780733847	81.84412595247497	70.34271676416978
21.63614433835615	122.08140356415538	65.05083797493617
115.0601206611112	87.46399707453017	73.34720805249397
29.587921727845046	71.26659123804653	128.8702982145391
20.111637756094986	103.32908206740375	45.693019874734226
11.825103172589564	76.81245404364059	35.96568052352888
28.4629886418429	113.63734621506775	60.82310466013169
28.1927832243503	92.8084702348566	76.87096679569432
25.515019775436407	97.08808997743702	96.68043767698478
20.61502584187336	64.0060206552387	53.70285960416438
67.34362914432116	90.79824775466854	94.02644218938951
40.67040649668742	96.19688581664141	39.330858488889824
20.479820176493753	74.12224948289068	63.51157317453513
77.76972544674545	35.41640414114478	70.4639204502834
25.021858736748158	111.99317726052927	65.25265478529921
5.621731319670656	89.03941323407949	43.772242675033226
15.187570761029775	153.21554305694966	131.75248542741173
74.14844406378484	113.77743142893411	67.74917516136546
64.28990147724804	145.3191409001184	139.9079913309329
67.45810793965828	102.42015818085304	75.53613406618936
22.950334071442477	68.1791555680485	21.21848449501271
12.256778022979727	82.80738850203807	67.94088023721969
11.214311078331887	118.00822014794151	77.32402293912286
17.131375756920214	150.14634520705604	46.51406878584465
26.727533570565043	108.82759584959933	94.120767142725
16.789947292765333	136.91345577132378	40.27053695374346
10.302467063139204	115.28126255497313	73.331791087524
22.00025154145815	49.06050906374841	74.84224956427602
36.31603241383729	101.06642719846975	102.10490663969422
20.441406615270793	120.65744851990519	130.09174737727412
27.829103594456427	41.824496758386	61.3495788479133
44.559344668893274	122.77156908847466	161.61068579948434
39.50428325806014	54.82072614607455	109.43808126645035
74.85556752457333	83.57444441092602	83.03437355423006
33.714513058179186	89.76347854482015	60.47537461282904
26.28454368098288	72.90994278249875	76.76347876154821
42.54672662935792	28.882196254782112	95.37343425249315
31.76426974959092	68.63611245813418	85.7399458107408
66.61317242340222	52.86721823618311	31.449021526070464
30.937968762224187	81.0175777461197	36.52542681912774
14.336693460173445	88.97715940414382	98.69626596334598
14.996417835011025	126.84095268048559	82.94394325983417
38.79904270696605	90.88030212864173	122.23482920986207
24.42004034247316	103.93248851037237	77.78650720273421
49.31508634343403	105.51182370497726	148.76641540523445
38.971390284116175	59.31648326041484	21.558441883993417
5.288367965012841	97.37821183229114	86.53739982746576
79.12805971763758	89.08514077977253	91.32423174915476
31.306884006725678	57.30678953347722	32.11630277432593
40.338036936104544	44.971602774173434	46.97506741915262
57.3055321220834	74.37897151036796	91.40630613122951
62.2362909835818	79.32392618298533	55.410564469910184
57.83656751349691	53.835247561473935	75.46757275173627
18.232777099995467	114.5537602620473	139.91922575115922
21.859177175052682	79.51531977141597	112.1442932791069
28.23420516964622	98.54120384837074	139.13193894287068
32.92063313698504	68.15486227359168	84.25052161639816
36.29292504278111	151.946003494261	96.60926891125135
23.266455450848078	103.47039791837518	118.67153103598774
35.499526908364764	48.74256899711083	95.45934306720228
72.89558363042316	103.15234054402892	104.44721090486985
54.53138861666352	62.164355642777636	72.40775185608405
29.777128776590335	64.7145538630979	93.11105831632578
30.32012135191377	82.59455268520598	143.42070736848814
35.092823078720265	37.928515474681156	78.56019414496768
46.81022052124476	56.02132605957975	108.4694074655954
8.28611019370465	67.36269453000233	71.70048536413054
54.46203404890107	38.33416981798908	145.82028558144358
40.35350095405908	45.358494450343834	49.943155667717896
19.61739697118138	52.718285329508966	89.48904858378386
21.60509735815977	73.76979689459002	103.71213849094882
34.9801451580558	122.95997115637552	55.59626347512598
66.51752289206495	117.61307751931102	103.22307990471491
44.06399831729308	97.92051148051591	82.23758653314178
20.427268099696246	87.84650042282578	26.596033092720678
55.92268595983399	64.01436624526025	48.51289598985151
23.811072006190816	117.922740996333	70.04745143919318
18.371297562514897	61.63240380934594	67.39684832157133
24.055205310102167	91.88675098156482	53.21324573251636
41.78719716162155	68.90791847857223	73.56648638075247
43.84040667731263	86.01050758215017	106.004256818862
12.123332806528119	61.12366296483734	31.857312328222953
15.482927562439675	131.68333897001816	80.58208294024101
15.436637076322095	91.08932540616168	108.28890463481963
27.117090849824304	116.27630374111993	109.15032309173185
24.955631236094103	83.48627661827909	107.58935907955725
44.63191106216448	53.04384415483041	97.42142466345801
29.23040269962466	93.13947095226523	62.07962486727403
19.572034357549494	107.90115837788622	107.54403021647178
17.493759198742254	87.87179549288408	49.59323094239657
59.56123248621192	90.76687793156849	92.58236323987589
31.248603762051314	89.46339627867052	55.17371846173036
49.45705125725698	98.06714263587823	103.17070971462329
29.147015928066658	70.48899335780938	88.50377375197874
15.171146128797758	73.05420351038416	85.72283765026823
28.572044187897216	63.57177845222201	62.89139595764002
26.964229980055045	52.86322850657199	44.72787346902462
20.30101710338822	115.19164572222702	59.92641427765911
26.074841236828526	152.75477507239154	99.90719701475798
21.22109991762758	99.74775651937561	78.52702082635057
50.547858817324574	63.42525306799975	82.81411817014012
3.46517480100441	74.73845544696462	74.48743210885819
49.64869717168001	82.55533706030518	43.415146414825216
32.620388426900305	69.61264188360789	90.89411417418343
40.22098285123081	33.02787670346738	72.70920331528443
94.08964606213046	85.66441679218407	95.20083739763132
22.20330235183973	34.61877443644483	93.06952143752487
17.656997295792472	66.62288451764464	48.36727895534635
40.454146872446366	176.96176453379042	47.31626849183463
29.475352184910008	99.4452587330678	35.99566887924225
42.175172221945914	85.71184364310172	53.04520555151736
49.68087266723251	75.85159708474082	72.30612712798461
55.95003868631994	62.50825619167638	88.81581912179797
104.63481094314191	112.41632809141218	89.84106099409306
31.349890535760355	75.66187213662815	89.04221441661412
32.16144639619846	47.03835115804975	63.57634615076357
12.36472007299078	92.13720562298535	44.73302166061443
19.739224639920614	123.50466996778539	60.99528561282837
57.62045941878829	113.60936454302373	41.16467662351795
58.551259585338045	59.198234470843346	80.49987453433441
40.18992983295173	72.7088330311256	98.09091069332693
62.3780590463828	150.60172905134218	87.99183231507708
75.95281369497555	143.38364569042656	96.17453513697745
24.197494851151433	76.8053846388322	87.72836978084467
37.11763070685847	102.8380196250388	73.42426019625863
9.812898475470321	101.84463287128264	90.11358235679464
44.280739999376266	75.10753985007916	50.132072639640135
91.92081725672206	108.12321585868997	75.53513302465201
11.165609672615275	50.70315101597739	53.05540985818278
38.46870605732962	88.25896060571961	89.593385697021
20.100205392970683	55.67142556394801	42.52923502031766
34.42359729372011	127.82926450454256	84.99227105262587
52.66104704939427	93.63945625208324	69.37206855306326
29.318325189380502	79.6280421133715	60.856156027482605
21.638512465863336	109.1894113285792	53.76062380433429
20.83054702747912	80.36669144613697	22.33995495643871
40.31341237037273	144.71555375036218	103.65105213551742
18.9833815290929	133.01607199814623	63.54064834776588
29.80125705139861	118.71122585118992	34.017300627130375
78.73390534194336	157.4570786636068	50.88024482521332
8.59697187256157	90.321816977611	62.57570235523524
18.993342947389102	31.259658663176893	96.19662135064317
21.968179509829234	75.41950476528498	39.92356541756225
59.8054300681661	102.58701509389175	61.04939971997498
40.604093148971145	18.208723055251017	62.123761133693975
33.02925436477672	44.54103324908991	95.32311949202344
53.869326183738444	49.69683038003464	59.273467313889476
67.03602689007529	69.88562261933782	82.8655953477362
60.694545019672056	76.1502400620132	68.69213135995135
22.15032827865467	65.20428335108488	56.51138755264282
32.49502254172082	105.10581602201825	75.487860846574
38.21940632885828	50.790594368868796	110.61683784498044
21.559843302052933	98.51941983050777	136.3522311128468
33.032534423569174	64.11436096172852	66.9616349254632
47.911819845541054	81.47518519505851	72.03496526825475
18.33516957787302	76.83810249919468	90.32118624282667
55.851546823199314	72.88302649584118	40.869379648342886
24.335049777218504	156.37852953567034	125.83855204085975
61.854525145016225	79.50297189036714	119.86014969682402
46.60280512570803	93.32024599953229	103.51835106065909
17.66441338554683	36.832775057016875	94.56606707649877
47.08701397855855	69.10853729737902	94.42780096038342
50.7402673163992	167.70001909197467	60.510001137845244
40.4049609721088	71.91128864281043	56.61201767706633
16.798080521230844	48.98332308430877	169.6851392132135
35.0514407825091	108.1165069728451	83.7984289442332
64.89472420407562	92.01673496672021	71.09781942527962
16.504562751351664	69.59126531969116	94.48984335854333
32.003672179381745	90.44504086888543	97.23372417161848
41.835060948762504	164.04667829533196	76.2240991025974
113.29968855549741	88.23040828481531	61.719919398065436
25.05187955602925	146.250774079447	40.60929786206912
12.016041132599463	105.45477331012897	83.49079908372886
18.813152515943408	129.07152195671557	73.90774190923626
33.43778279687706	122.36646803908843	34.965497307593935
36.662913396853845	53.34822307500503	56.29132134609024
71.64280767694908	108.03825850257493	35.002283671312476
43.11107091117997	144.15635403377667	82.82549409653565
52.03090675814295	94.42337243541712	79.92183126129667
14.326939772957846	71.87504066104613	41.167176569331744
22.30724219207244	90.12123007758137	78.74044268677272
66.0775969330887	114.8388180392615	38.791157286279145
43.90996012952679	64.39844551621368	93.37614123965514
32.12394085546653	58.65055258227015	48.99158254347572
36.78566521914078	72.3337162511897	97.07868372438406
28.932428795840913	120.18932244441405	88.31716321681958
62.11361383428929	38.182415443528086	120.91977080447586
42.03173961750368	128.8969848433922	71.78973358086871
58.983178923187914	101.76502247357439	79.11664696250854
39.130579300598164	85.7344206049192	79.57926345217521
13.064505819671794	73.36882041768354	96.32053998247204
14.462192268449392	114.95114243740501	45.72407800286089
40.426490233697244	72.55316121591056	92.86738791997784
15.507366448616208	78.93802464236899	98.82782570105852
11.999057268378781	136.3658030307866	83.824859860512
69.41996519381136	104.62509419971059	57.80756830434103
79.85363389681234	92.57507156452716	32.92096857042384
60.57063326088035	108.07703787962683	49.81046368388208
39.185971928881955	106.15221754074284	45.19008618030303
30.244629709740263	92.84425378379899	63.700862979329294
41.804241750847986	46.937225990652884	36.87322665274292
51.43271243366459	102.68765300703176	98.85433114239238
56.68658797771248	46.43666616348416	67.50921931494855
29.455163027164176	102.97792073996281	58.555968376678415
38.453015785168404	60.06690977302588	57.97646356590379
81.36217696612448	63.68392640636584	111.72383739843619
50.043363791034714	71.53414454403931	97.83550893045322
41.244460631741546	80.79907413125048	92.44061546064322
36.390667208067335	132.00144434599582	61.251741754760126
10.837290214825908	70.09463120602295	72.53272368795186
73.56117618837074	76.60226992856806	65.07206721301633
35.24672448776781	78.23472758365801	63.34886970796739
22.300933291446405	61.77186709527429	76.3436652352971
15.07502426868945	65.08258082772116	74.52524374137174
75.53885868720981	169.14903718140815	42.41930870294115
18.836267409012407	94.56457113308429	58.36401117069108
16.839157495242965	60.89362834682336	32.98777201698081
8.019281863974461	114.07911520524529	78.78422824251847
39.62888466322974	85.2711281095555	68.8792044272183
90.5726709057529	87.00350059953634	79.9227913758346
42.13992506706596	78.70244204214399	35.82829623648276
56.36480975474876	69.84125877040026	104.12105798781948
52.97743428010088	93.54070041757579	84.02070312820275
12.22169833824999	74.62421068579101	36.12347500906758
40.933958629391725	141.4296663165573	49.41827204605996
39.26057964493987	124.19642588845151	69.24227992456503
31.863525352935426	180.43863781588297	126.7766029092045
73.85808010023683	165.74888988586665	91.90520302474441
36.39288861257801	111.30635656974668	48.44259361374395
17.664266168237283	95.81341929169052	70.15259630364345
34.66479198895441	76.22827259921716	119.1277292616718
23.18461745453488	93.28439429124631	40.76809268499526
17.382596289866918	75.5664549302385	105.34806830092113
10.18634301057141	127.60978468726123	53.779556147049966
40.55193028910817	16.443817574053153	57.77935316922107
37.61048698893675	134.06256980186978	71.42840513761666
95.14092302071967	54.764638272800845	64.60912436975258
16.054864608311952	70.48639329482081	62.578598819364764
37.98412506413675	92.04630381888359	77.3225469619753
29.362336976958044	61.0519667552256	75.4093626298401
37.13401299490923	53.545188090391136	158.74341734387963
38.194703841722244	168.11223737977747	86.91470329286871
44.78569997310997	70.48799981982624	76.52771843398406
35.90924269490181	166.04364124982945	135.536651936401
12.847400208291452	131.38255703910878	86.27677496086328
43.919129331257686	117.21604766184744	59.59153338986981
71.92046599972146	80.79055338003583	53.11910812053708
55.16651849799798	64.15875398567411	67.97317967812998
73.62992526151855	94.36740874151938	36.80943532199133
51.626885232983945	96.66632033782463	131.52382000584387
103.13061788180033	85.01208763294427	45.024733721859334
62.69179301345543	73.16629975173545	76.73056141605342
11.649803583231899	95.53024238755887	109.5919251225059
18.917447017104532	123.05524898529637	32.76376475122516
33.375930563117244	89.28421082478606	78.64400251937444
84.62978765551516	103.64298163647697	119.33402278461534
39.763716881350135	214.638338386696	39.29226422238839
48.245019760009015	63.850898776992	82.95752284364339
44.572216368163154	57.96668774180766	58.95958848184165
90.92521155614645	172.70979456434296	78.80429310228233
44.12897107330859	88.26089323866397	77.7595625366007
19.18599859056801	95.56199932090742	73.39285072248553
23.752896014702234	100.99212603251617	74.48105280398899
61.62455136195297	56.577126085203716	102.6898482491069
35.03085513078367	55.545599818402884	50.45422868654903
34.10316626252518	72.1215898017177	79.17867034765146
34.211209652707254	128.4542556673459	62.694465646705055
10.390354085094318	75.32379893225641	86.4888521353562
20.26608269929427	102.87075171533408	50.5224706328665
88.97588671186924	70.65801298616046	48.974882586595804
112.6356508928201	95.62423173242388	29.77182329546812
51.86547900208936	74.12384735703321	43.18278026158549
45.88796607032888	116.41363209758347	57.27891691830431
40.914895500816584	89.29144570542209	77.05695187382325
27.448798948358913	98.01339257726582	168.99007636840292
52.57912617225326	83.23962822243591	127.80561263942103
30.385299921227286	98.31916413402722	85.72496728368202
38.75664093697167	65.12066519620657	122.43666910350522
61.732682536897556	95.2675210371134	64.11773230058589
28.318219445131582	111.80702270958778	61.36992549931731
44.98758781152403	93.21407211942858	27.259899647336496
25.978514825501158	81.57435656231489	29.77553892934722
15.652890845480744	91.87827091590874	55.85150526529481
40.27115877385759	47.22725339279125	48.581757951333046
30.196881892158917	92.93264411759866	136.33771141549718
54.11638122406568	100.42281976236717	101.97174200228577
7.27348999706521	92.0189913209063	98.5988379800331
31.99446964324576	102.83767907101962	130.66990845378982
7.311755510572717	61.909605410807245	65.21485760976033
34.12764721136372	34.47550034298599	61.77534312362682
36.18812930742858	115.4416244590535	62.97564811392388
36.46858666594206	130.4420474080672	86.76950613643129
57.87746754775094	156.77807111141453	55.20494369486963
47.43765945158521	86.11173313441058	90.69421335319926
48.66016000059217	207.40537323600387	77.91401588543728
17.444753765219506	81.32858533062397	132.18737891342153
13.434606544586794	72.30378304907161	151.84957631351173
16.495470388927938	114.63220015427413	61.44415186731601
46.29864722701698	55.718349050791325	55.87599175343794
21.70970843690286	80.65630680487178	61.12105498892236
35.798983683373066	94.65644916558786	85.87301819408681
12.734127718328624	79.23395099038277	135.75174349594218
27.403709858479374	61.40453741314941	89.23097516084484
35.2132364503089	78.18179433256408	129.20382806656121
68.54440167720166	78.92482639524813	62.368368980587434
49.943346748763915	73.15152486273199	134.10674528162434
32.99718287023739	92.93158653480891	92.88733819517208
63.623122500130506	140.56546859702775	51.89550442675421
35.85789598329894	67.55727378245746	82.87312889653562
6.490607042518514	65.36009900583032	129.13914686817913
14.32296350087311	103.73817811775208	82.1190807357671
67.35242739604014	81.37654578238457	78.19355354648158
15.351040722297519	61.31117679752116	56.58536119836379
7.13620656225288	97.95104657203247	92.1852670305751
70.64902350593289	45.105148165510016	83.16131460634206
43.669936654986394	113.83955730981397	65.73634946330081
13.100363497695984	42.787997636866365	99.59677604071
92.2400132788987	92.45316041238466	131.69953950817094
44.78105942208758	82.61422771306522	33.90646492223655
34.28768869655577	60.381005696636215	72.52435159921306
38.575739779106904	81.16976655718067	58.560750138814896
16.099879939548636	104.2959286209753	54.18977384650001
14.392541755419538	85.1117244159398	105.77200751059588
35.186254380613626	170.66317009278023	55.81110614742988
62.696094391074	105.2297436751917	62.309176666302854
21.67255845346805	75.06602669390276	77.9132517459462
52.292872239598786	41.56836269132942	49.463647334332855
39.04647642262904	145.26987968379697	63.66358127359928
21.459860764093374	255.044452800891	26.52725187267257
15.608236875049052	48.350386200436475	39.32420591986049
85.77317082574912	126.19865952058889	103.16379608830644
58.735964271892286	66.77321634802543	92.35543378792609
24.157459623969928	122.38764331866264	94.0922793023123
48.90700384233908	161.4259058227247	20.835567125405255
39.333675030093865	70.29742146276743	81.625357925012
10.931501207927512	128.87562245393144	108.74981227140619
14.706355115046351	85.1339308353314	106.95879813231015
31.37347052186024	100.30550296861234	62.58749245947435
13.272647799674946	77.79589190078867	82.2763187649078
24.115708426374386	95.77061779738558	103.03929730917574
39.72410676238542	74.06479589974653	68.73930977305687
84.30325050460605	71.11580347261933	123.82080616720805
59.72182441084262	31.042881068686274	121.65247902080037
32.72473354393437	46.07110167034717	99.00269033498333
10.105572906247989	83.50646989478419	55.66406459480994
36.996595539786306	75.61235740283702	61.76138226783432
22.802365212033546	122.00739461235933	63.94724112062754
35.518013332533464	129.82260299129732	59.897577051670794
33.052198636922974	64.30567231680088	98.91340230674939
30.981016625635103	178.5041981157983	118.83899735150055
29.29891547007617	51.78075046787395	64.19204587897734
61.76400499048592	74.52101887500693	35.32439017360395
61.49664280778047	96.18278856369135	36.85914785046383
50.95292247351374	79.16949443974893	35.37462951816475
42.0886315988695	84.08637477640356	42.107992178575024
38.798640161272246	44.56732362263945	74.39537523946508
51.52157020925822	56.099693887650325	59.782496991735464
21.80479604932211	82.65410537677923	30.9674833293726
46.016181564103285	108.20188458502385	101.30710669300984
80.2598778334409	64.99317495984647	36.02413595324653
17.921057963239278	40.775560750158675	72.52760446270524
37.331663303374405	58.491046198703316	99.22531946639265
21.63198499710502	94.36577070917606	119.39160159630268
67.57783945984777	126.09008760799107	98.92489149011182
23.70689271597396	47.45648265517333	109.17525297202974
19.181439596217416	81.81956600138508	112.36343921954622
86.30647832639538	104.10594010573975	28.0778889036357
23.9807819294533	89.71637955555906	86.48603081480299
27.0851504894532	95.7995190613196	125.81105655353439
45.951998884076474	93.60441572158905	61.31079930927247
94.55413926743027	73.37153151487927	31.50786781129441
5.897718332367068	127.07985275782103	67.57908477514653
18.58708533288988	80.10333297836907	140.82679510111052
36.44897864470284	124.51380611056992	82.09905815886823
48.96518229855274	127.84169375370583	65.44961694331622
46.57356646182777	90.44232939986341	39.48218943597552
29.81468953281087	84.6159345091652	73.67463540794067
9.06434108425446	160.8802677886436	56.77589571370308
22.505880389086567	115.53815194081052	36.15388719978073
37.15604587898066	57.136666608119626	130.96025954264044
11.050945487111653	69.54361660274544	39.02535589025587
13.22989614426048	55.58595685113677	71.5612538417522
65.27428194596992	95.48399941129378	173.42818793077976
21.374745348620582	112.4334323454079	77.54292591216573
13.536856361285123	121.5319397340138	133.6984597628139
60.01639440037265	34.56455743339005	148.2842297390903
23.410857318168297	106.4931130269931	56.238873607156435
25.546518756630313	75.82242641713806	101.39616112813009
71.36530525512813	80.14109358424851	76.22112842562419
38.493152878887976	40.216946772631395	27.2945793245184
63.999783463569145	32.56284376464235	78.63083802188036
75.1250718701627	70.79946302488518	42.6523752989513
45.595266449915556	81.72688169299808	68.53055976324669
34.628116031590345	38.24164622873261	67.05178188563413
81.70292678277893	67.1655316509517	20.586263366147183
19.07610563317164	128.38912630720915	101.29506907288507
21.415184267511812	91.42317454643405	72.80996088131297
14.955732793026831	121.18083618609435	91.62829773279836
18.720051704925456	83.05956382136587	64.51651314969399
10.82599485080228	76.06635866007633	115.86123711493612
14.197526703868085	95.12776907861625	57.01713957634789
26.427763570590674	96.0650734030313	94.26102790632247
31.76954715452133	85.90978145939931	82.61849557041396
16.18138122386381	59.05168038148964	38.57713891478415
36.5555232138724	148.00247191533956	67.47847237413995
33.69467231634899	76.50494604285915	81.1593143304929
38.93467381227949	92.45790389735073	53.41854553998748
43.07463527524995	83.66532988233196	89.60344511583162
42.05257107815423	139.06365816003088	80.55928207851518
62.467552655287115	70.02818717887439	31.70236402393478
36.84187895101968	97.55159356361747	28.902473246043243
45.034969437595024	46.83570699133978	39.82413398115214
57.73868886123788	81.92917732208355	35.463281681376
86.15521870936993	81.51282680883813	39.69902360532467
55.39022926710981	130.99729034584598	72.70873384268401
74.20818986368705	58.23606227459974	57.82533664404061
19.353336057966832	65.4216203670098	62.36008363825174
49.21576601258205	88.41224202750217	99.97270528039073
60.82965165914505	90.53251533149512	86.0869186939764
76.39724785301401	62.75516286089292	81.94268632470711
29.44052074850306	111.38947542069016	33.966531137973796
53.65800851073795	80.30900468338154	57.437147943101515
8.65749608800569	52.21902393053379	67.03609095626166
8.937894290471787	147.67347957317898	61.26877521377867
23.050627624937817	121.15904642018201	103.10362319297752
10.597217659461498	128.6546332525858	132.53973280477052
110.73952128028326	58.8553786774611	71.38045367334985
44.6994418103546	89.73506375115548	84.61123458046254
23.694702770042745	78.1107876261261	35.84813896298214
22.813257760057418	94.41862993215626	50.91016769122537
42.76613323620902	113.13081583122363	96.86432435200663
10.92245613905167	149.59084823183156	87.69577901710791
64.00404474968929	59.37762153899237	27.723162547407544
37.75616127062806	86.99175929514477	68.6839314362076
21.896939299590784	95.99425148287403	39.1484949724693
74.33604249608275	130.86680458692445	60.72529414018438
12.916604659857486	35.564840095445945	101.72353747769138
32.02176233265347	103.49187776462732	139.87123620351494
10.176099280517345	73.28553208494219	68.04302245312236
24.40955197062403	106.9234995464292	50.54848896470564
9.584148596667536	77.7739195181615	35.065079108918354
35.069542675078615	86.17012760306612	102.3256298232491
37.527187463182486	74.01290283311468	72.38193799771393
23.061123720768933	106.13859427330526	81.86870255255741
20.934821092107068	29.418111962853995	116.34597197839128
30.859491460189762	96.05231651247591	126.8955398491396
17.423566461354287	57.95771855861438	68.00528599332867
13.027221627163946	94.51182786562823	147.93643293674177
28.36833321627095	115.38623962496204	90.9472273673191
31.666178765543975	155.84255450869526	60.09608094497546
21.84859969398617	61.644869498963565	24.177263873153073
87.85191768265447	61.91603941505348	119.93389175008814
38.682831321816046	144.86158019879562	36.417471737958245
27.662305646277872	56.2346254025979	51.60838467156949
45.17310652756104	127.58278244501527	74.88395291077906
105.22253473127327	87.18267916978215	47.88598276744219
31.585232368646498	41.90670503877757	55.033670846876205
19.998859062292603	78.84469948092405	34.7122192639935
36.31358607732361	58.514797362874965	29.93151086803934
58.019599168490316	98.51706773544984	107.24113869162518
15.753923763542895	81.11595024712506	58.44839356503501
26.901677137028518	103.09354766132341	139.03875145300205
19.990566960606536	54.01216113259692	87.62874643649151
61.53515294350804	29.508514388729527	79.51113417774098
12.472179018824201	75.42273172362893	74.08893611279743
20.713546638910383	109.03620265211343	66.16254397788629
47.7202713284184	120.86184035337801	67.56089683874747
19.494242725588553	90.76726959550973	57.97205456236623
68.8820311016598	83.96905464272287	66.6235659701705
58.02251064263935	134.46215423722407	113.00259296273427
17.74610668286904	59.08481583537162	42.8157435893984
95.27245193264768	59.55373737542023	44.91332058058192
47.98415716348433	129.19409996123082	63.788786510202655
54.669990124919266	128.6043817119272	46.33310867521861
37.87932097399154	48.45619939630582	136.01178307218288
16.971173331766078	111.7314808845742	33.781263776572324
47.034491771983575	93.09854685892026	75.80030877351027
6.419169669807167	124.01569052689744	60.984511311484916
35.22595214197967	48.71492764303799	80.96862521514129
76.24658042957171	122.73215022108127	62.2121751388308
27.89088319746095	82.82889019440248	93.41472587764748
12.765054354323832	96.97956670494541	103.91657454437627
17.740666654763817	79.55827488245083	21.86646977233571
27.372213328536876	73.30012906411181	96.66845639124298
48.3180778897241	29.795946741949816	42.991091999181634
43.81352828020104	66.12451253905888	110.94987989303239
32.02519151129847	47.62746311922668	66.50888620468486
38.56174807680264	133.71807569419144	58.261412527577136
12.674945815429968	106.19529614858045	60.16578126423273
29.869177736502692	91.08726785903633	122.00063341816788
45.66329983985745	78.81203767333425	121.33075841288274
85.06901762579466	44.22950342153746	100.25255021308747
57.26359154134962	128.71124611515916	43.53429904929815
32.96109574551384	75.5511425162987	95.19006485412392
35.30908254512898	62.09978834525969	24.49170298660829
14.373693605391075	100.4493342864072	39.00713762441487
33.16178424159807	93.0879993297365	48.505483350520265
6.7782947716904225	47.42927976982996	35.079838974117855
23.80103345785624	176.2774010519469	103.53049978253125
47.215306015504424	143.0320557200377	19.786370658290632
11.841936318642135	82.74774445528645	71.73637367095226
83.72685710435516	118.15572397900905	78.87593830968204
38.842609385524746	59.35121384373492	84.35728087251447
62.11059860602851	113.99373150848626	44.93261091987425
19.177642834601446	105.62494318574632	71.71949272913764
15.6550648725131	113.21101915469136	81.40785866905826
57.36042360454395	60.24482942477295	82.60477242802736
81.17908088716412	99.57963563755501	116.96277241985612
17.22957587986577	178.79695004966828	46.42606871035753
63.864043985523885	107.3194616950773	93.27947521419249
49.35810337431327	64.69105712628233	87.39946389867056
46.1810436374177	58.502784299058604	66.06797527523658
52.66914866668157	177.90210495129574	46.61402636607734
39.14413907117234	90.64939816962972	41.34121873642814
69.11154981124848	91.53079072395934	70.94817876422796
18.7887636043316	65.22286352937363	116.60490295745895
21.613156908565152	125.86611251107274	89.90825421557862
15.311727735911116	60.156744683208665	79.15893615469243
69.47880318733938	74.47449816322286	26.448278009537944
20.39155343550081	108.13129964463123	64.96560701842887
88.17315153547376	91.71153542020079	83.54711251644297
37.53246195846032	42.001476318034165	86.73218588143781
17.348480193370804	73.34360104683734	44.17329519568336
23.675006034939514	100.6219864503599	21.41348089009779
20.149320446223598	112.86726962859541	111.37889085912708
28.51391885482275	114.71108781360779	72.94832039349161
29.14052711295643	81.0868116822202	46.166628021836914
6.8910067053219555	45.005664155356875	180.67571219117104
41.99393610269223	46.36208972649512	41.74133908156732
32.86423050071829	56.19158130847529	71.49395674202789
34.152377470511446	134.15400939991818	84.03165594103838
12.452614434758232	85.8131834884645	47.34843034099823
26.71957696409081	108.76745337925875	80.8763337947929
55.6474338088492	131.2938144766547	70.76032437710124
7.63152060387504	44.56823747345832	86.81225760350252
16.961296084937896	84.2178178691158	76.68916341675418
22.62335134440368	73.15719033191785	28.92153192114522
82.03885190703801	73.10010229516122	110.55785039322964
61.494476800551354	34.51131655219103	109.80150696377112
69.64266498346538	37.00306659142734	105.76162044382053
49.46640753777446	93.97743627547804	89.12453268870992
63.39232240934349	131.41556246195347	29.469350847721717
28.429786194697897	37.32401524006305	95.2409652645875
24.016996137216903	82.06351243584075	129.84063452857612
25.905052930356653	61.75312046415502	106.9853119422868
34.61373279329721	61.795631380080145	32.5419504020997
77.22281129904778	69.02999877068612	50.01442366256897
11.51720931152858	158.05024715459064	44.736812860826944
52.87339403191145	86.43966106939175	34.18916571092246
64.44755991951372	141.53982801100307	92.71868626096197
15.672770801077505	52.37414539923862	99.13231158437398
45.526556592887005	103.87668305072171	75.26727899229573
14.339935685761867	115.01607559299939	66.74949463912425
59.48923553901233	70.00365343735666	14.19930537254257
14.421961837367016	50.58011805639873	55.55302571491458
